<?xml version="1.0" encoding="UTF-8" standalone="no"?>
<svg xmlns="http://www.w3.org/2000/svg"
     xmlns:svg="http://www.w3.org/2000/svg"
     version="1.1"
     width="76.5417in" height="79.7361in"
     viewBox="0 0 5511 5741">
  <path id="path1"
        fill="none" stroke="black" stroke-width="1"
        d="M 4203.08,4684.82
           C 4203.08,4684.82 4689.82,4688.15 4689.82,4688.15
             4689.82,4688.15 4690.65,4932.35 4690.65,4932.35
             4690.65,4932.35 4584.58,4742.80 4584.58,4742.80
             4584.58,4742.80 4608.14,4768.99 4608.14,4768.99
             4608.14,4768.99 4584.99,4789.48 4584.99,4789.48
             4584.99,4789.48 4561.34,4764.42 4561.34,4764.42
             4561.34,4764.42 4332.27,4756.49 4332.27,4756.49
             4332.27,4756.49 4307.14,4733.97 4307.14,4733.97
             4307.14,4733.97 4281.43,4758.16 4281.43,4758.16
             4281.43,4758.16 4307.26,4781.50 4307.26,4781.50
             4307.26,4781.50 4305.62,4874.98 4305.62,4874.98
             4305.62,4874.98 4332.82,4899.65 4332.82,4899.65
             4332.82,4899.65 4304.74,4928.29 4304.74,4928.29
             4304.74,4928.29 4278.07,4899.93 4278.07,4899.93
             4278.07,4899.93 4564.53,4902.13 4564.53,4902.13
             4564.53,4902.13 4591.02,4875.65 4591.02,4875.65
             4591.02,4875.65 4615.26,4904.13 4615.26,4904.13
             4615.26,4904.13 4591.02,4928.62 4591.02,4928.62">
        <title>advanced_manufacturing_posters</title>
  </path>
</svg>
