<?xml version="1.0" encoding="UTF-8" standalone="no"?>
<svg xmlns="http://www.w3.org/2000/svg"
     xmlns:svg="http://www.w3.org/2000/svg"
     version="1.1"
     width="76.5417in" height="79.7361in"
     viewBox="0 0 5511 5741">
  <path id="path1"
        fill="none" stroke="black" stroke-width="1"
        d="M 2436.56,4827.49
           C 2436.56,4827.49 2398.47,4827.89 2398.47,4827.89
             2398.47,4827.89 2356.01,4828.68 2356.01,4828.68
             2356.01,4828.68 2313.94,4829.48 2313.94,4829.48
             2313.94,4829.48 2271.08,4829.48 2271.08,4829.48
             2271.08,4829.48 2225.05,4829.87 2225.05,4829.87
             2225.05,4829.87 2022.67,4829.08 2022.67,4829.08
             2022.67,4829.08 1979.81,4828.68 1979.81,4828.68
             1979.81,4828.68 1933.38,4828.68 1933.38,4828.68
             1933.38,4828.68 1886.26,4828.61 1886.26,4828.61
             1886.26,4828.61 1837.34,4828.68 1837.34,4828.68
             1837.34,4828.68 1790.56,4828.61 1790.56,4828.61
             1790.56,4828.61 1790.52,4797.73 1790.52,4797.73
             1790.52,4797.73 1835.36,4796.94 1835.36,4796.94
             1835.36,4796.94 1886.26,4795.23 1886.26,4795.23
             1886.26,4795.23 1933.00,4795.23 1933.00,4795.23
             1933.00,4795.23 1978.63,4794.12 1978.63,4794.12
             1978.63,4794.12 2022.03,4794.12 2022.03,4794.12
             2022.03,4794.12 2224.57,4791.89 2224.57,4791.89
             2224.57,4791.89 2269.50,4792.17 2269.50,4792.17
             2269.50,4792.17 2311.56,4791.78 2311.56,4791.78
             2311.56,4791.78 2353.23,4790.98 2353.23,4790.98
             2353.23,4790.98 2397.28,4790.59 2397.28,4790.59
             2397.28,4790.59 2431.87,4789.03 2431.87,4789.03
             2431.87,4789.03 2610.72,4872.01 2610.72,4872.01
             2610.72,4872.01 2603.23,4739.00 2603.23,4739.00
             2603.23,4739.00 2502.84,4700.50 2502.84,4700.50
             2502.84,4700.50 2459.18,4701.30 2459.18,4701.30
             2459.18,4701.30 2413.15,4702.49 2413.15,4702.49
             2413.15,4702.49 2367.12,4704.47 2367.12,4704.47
             2367.12,4704.47 2253.50,4630.53 2253.50,4630.53
             2253.50,4630.53 2201.64,4631.85 2201.64,4631.85
             2201.64,4631.85 2144.10,4633.04 2144.10,4633.04">
        <title>ai_autonomy_teaming_posters</title>
  </path>
</svg>
