<?xml version="1.0" encoding="UTF-8" standalone="no"?>
<svg xmlns="http://www.w3.org/2000/svg"
     xmlns:svg="http://www.w3.org/2000/svg"
     version="1.1"
     width="76.5417in" height="79.7361in"
     viewBox="0 0 5511 5741">
  <path id="path1"
        fill="none" stroke="black" stroke-width="1"
        d="M 1966.12,4973.78
           C 1966.12,4973.78 1934.69,4973.39 1934.69,4973.39
             1934.69,4973.39 1902.46,4973.39 1902.46,4973.39
             1902.46,4973.39 1756.11,4970.42 1756.11,4970.42
             1756.11,4970.42 1714.22,4970.42 1714.22,4970.42
             1714.22,4970.42 1672.32,4969.60 1672.32,4969.60
             1672.32,4969.60 1631.59,4969.26 1631.59,4969.26
             1631.59,4969.26 1585.04,4968.09 1585.04,4968.09
             1585.04,4968.09 1538.49,4966.93 1538.49,4966.93
             1538.49,4966.93 1494.05,4966.18 1494.05,4966.18
             1494.05,4966.18 1446.55,4965.76 1446.55,4965.76
             1446.55,4965.76 1403.49,4964.60 1403.49,4964.60
             1403.49,4964.60 1356.94,4963.44 1356.94,4963.44
             1356.94,4963.44 1315.11,4962.58 1315.11,4962.58
             1315.11,4962.58 1271.82,4962.58 1271.82,4962.58
             1271.82,4962.58 1229.91,4962.23 1229.91,4962.23
             1229.91,4962.23 1189.37,4962.23 1189.37,4962.23
             1189.37,4962.23 1149.86,4962.58 1149.86,4962.58
             1149.86,4962.58 1417.25,4662.50 1417.25,4662.50
             1417.25,4662.50 1458.07,4660.67 1458.07,4660.67
             1458.07,4660.67 1502.93,4658.42 1502.93,4658.42
             1502.93,4658.42 1549.25,4657.04 1549.25,4657.04
             1549.25,4657.04 1592.02,4655.42 1592.02,4655.42
             1592.02,4655.42 1638.42,4654.21 1638.42,4654.21
             1638.42,4654.21 1772.70,4649.37 1772.70,4649.37
             1772.70,4649.37 1812.45,4647.38 1812.45,4647.38
             1812.45,4647.38 1847.23,4645.39 1847.23,4645.39
             1847.23,4645.39 1884.99,4644.40 1884.99,4644.40">
        <title>biotech_posters</title>
  </path>
</svg>
