<?xml version="1.0" encoding="UTF-8" standalone="no"?>
<svg xmlns="http://www.w3.org/2000/svg"
     xmlns:svg="http://www.w3.org/2000/svg"
     version="1.1"
     width="34in" height="35.4167in"
     viewBox="0 0 2448 2550">
  <path id="path1"
        fill="none" stroke="black" stroke-width="1"
        d="M 1125.55,607.00
           C 1125.55,607.00 1125.50,520.60 1125.50,520.60
             1125.50,520.60 1067.91,519.87 1067.91,519.87
             1067.91,519.87 1054.63,539.64 1054.63,539.64
             1054.63,539.64 1040.27,552.45 1040.27,552.45
             1040.27,552.45 1026.03,563.21 1026.03,563.21
             1026.03,563.21 1007.70,574.29 1007.70,574.29
             1007.70,574.29 987.17,581.73 987.17,581.73
             987.17,581.73 986.86,606.32 986.86,606.32
             986.86,606.32 1125.55,607.00 1125.55,607.00 Z">
        <title>200-lobby-back</title>
  </path>
</svg>
