<?xml version="1.0" encoding="UTF-8" standalone="no"?>
<svg xmlns="http://www.w3.org/2000/svg"
     xmlns:svg="http://www.w3.org/2000/svg"
     version="1.1"
     width="76.5417in" height="79.7361in"
     viewBox="0 0 5511 5741">
  <path id="path1"
        fill="none" stroke="black" stroke-width="1"
        d="M 2405.98,1367.53
           C 2405.98,1367.53 2402.30,1936.55 2402.30,1936.55
             2402.30,1936.55 1593.18,1918.40 1593.18,1918.40
             1593.18,1918.40 1592.36,1633.28 1592.36,1633.28
             1592.36,1633.28 1736.71,1630.98 1736.71,1630.98
             1736.71,1630.98 1860.17,1604.94 1860.17,1604.94
             1860.17,1604.94 2010.73,1535.24 2010.73,1535.24
             2010.73,1535.24 2095.04,1471.33 2095.04,1471.33
             2095.04,1471.33 2094.13,1368.89 2094.13,1368.89
             2094.13,1368.89 2405.98,1367.53 2405.98,1367.53 Z">
        <title>200-lobby-back</title>
  </path>
</svg>
